date	cpi	actual_rents_for_housing	rpix	nom_gdp_uk_index	average_earnings	mortgage_interest_payments	equity_prices	nominal_gdp	
# Date	D7BT	D7CE	DQAD	YBEU	KAB9	DOBQ	EQUITY	NGDP	
#	CPI INDEX 00: ALL ITEMS 2015=100	CPI INDEX 04.1 : ACTUAL RENTS FOR HOUSING 2015=100	RPI:all items ex. mortgage interest payments & council tax (Jan 87=100)	Gross Domestic Product index: Current price: Seasonally adjusted	AWE: Whole Economy Level (£): Seasonally Adjusted Total Pay Excluding Arrears	RPI: housing: mortgage interest payments (Jan 1987=100)	Equity prices		
#					£	MM23			
#	Index, base year = 100	Index, base year = 100	Index, base year = 100			Index, base year = 100	OBR: able 1.9 Economy_supplementary_tables_EFO_March_2021.xlsx		
1988 Q1	48.6	31.2	103.9	24.9		97.0			
1988 Q2	49.5	33	105.9	25.4		99.9			
1988 Q3	49.9	33.3	106.9	26.3		113.2			
1988 Q4	50.5	33.6	108.3	27.2		137.2			
1989 Q1	51	33.7	109.6	27.7		150.2			
1989 Q2	52.1	36.1	112.1	28.3		158.9			
1989 Q3	52.5	36.3	113	29.1		165.8			
1989 Q4	53.3	36.7	114.7	29.7		181.9			
1990 Q1	53.9	37	116.2	30.3		196.5			
1990 Q2	55.6	40	119.8	31.1		211.2			
1990 Q3	56.4	40.9	121.7	31.7		218.4			
1990 Q4	57.5	41.2	123.9	31.8		217.5			
1991 Q1	57.7	41.5	124.8	32.4		218.1			
1991 Q2	60.3	45.2	130.3	32.8		205.0			
1991 Q3	60.8	45.3	131.7	33.1		191.3			
1991 Q4	61.5	45.5	133.4	33.6		185.9			
1992 Q1	61.7	45.9	134.1	33.9		187.2			
1992 Q2	62.8	48.7	136.9	33.9		183.3			
1992 Q3	62.7	48.8	136.8	34		182.3			
1992 Q4	63.1	49.1	137.8	34.6		174.8			
1993 Q1	63.2	49.2	138.2	35.4		146.3			
1993 Q2	64.4	52.2	141.3	35.5		141.7			
1993 Q3	64.5	52.4	141.7	36.1		143.4			
1993 Q4	64.7	52.7	142.1	36.6		145.2			
1994 Q1	64.7	52.6	142.5	37.1		141.4			
1994 Q2	65.7	54.9	144.7	37.5		150.0			
1994 Q3	65.6	55	144.6	37.9		151.6			
1994 Q4	65.8	55.1	145.2	38.7		160.8			
1995 Q1	66.3	55.1	146.4	38.9		165.9			
1995 Q2	67.3	57.8	148.5	39.4		178.8			
1995 Q3	67.4	57.9	148.8	40.1		180.6			
1995 Q4	67.7	58.1	149.4	40.5		173.7			
1996 Q1	68.1	58.4	150.5	41.1		166.9			
1996 Q2	68.9	60.1	152.5	42		160.4			
1996 Q3	68.9	60.4	152.9	42.8		157.9			
1996 Q4	69.4	60.5	153.9	43.5		157.0			
1997 Q1	69.4	60.8	154.6	43.7		165.0			
1997 Q2	70	62	156.2	44		169.8			
1997 Q3	70.3	62.1	157	45.3		189.3			
1997 Q4	70.6	62.4	158	44.8		198.9			
1998 Q1	70.5	62.6	158.3	45.4		205.0			
1998 Q2	71.3	63.7	160.5	46.1		218.6			
1998 Q3	71.2	64	160.8	46.7		227.6			
1998 Q4	71.6	64.4	161.7	48		222.8			
1999 Q1	71.6	64.5	162.1	48.2		193.9			
1999 Q2	72.3	65.7	163.9	47.9		184.4			
1999 Q3	72.1	65.9	164	48.6		185.3			
1999 Q4	72.5	66.3	165	49.5		193.6			
2000 Q1	72.1	66.5	165.2	50.6	306	208.7		20,251	
2000 Q2	72.7	67.7	167.1	51.1	311	239.2		20,461	
2000 Q3	72.7	68.1	167.2	51.4	315	243.1		20,555	
2000 Q4	73.2	68.5	168.2	51.6	321	246.4		20,691	
2001 Q1	72.8	68.7	168	52.1	325	245.3		21,116	
2001 Q2	73.8	70.2	170.7	53.2	328	225.1		21,374	
2001 Q3	73.8	70.4	171	53.4	331	217.9		21,614	
2001 Q4	73.9	70.6	171.3	53.9	334	200.2		21,903	
2002 Q1	73.9	70.8	171.7	54.4	335	190.0		22,104	
2002 Q2	74.5	72.1	173.4	55	340	193.4		22,322	
2002 Q3	74.6	72.1	173.9	55.8	342	197.5		22,692	
2002 Q4	75	72.3	175.4	56.6	343	201.5		22,876	
2003 Q1	75	72.3	176.5	57.3	345	204.3		23,242	
2003 Q2	75.5	72.8	177.9	58	349	205.3		23,649	
2003 Q3	75.6	73.1	178.3	59.1	353	205.0		24,131	
2003 Q4	76	73.3	179.3	60.1	357	210.6		24,303	
2004 Q1	75.9	73.4	179.8	60.3	358	225.1		24,769	
2004 Q2	76.5	74.4	181.5	61.5	364	240.6		25,151	
2004 Q3	76.6	74.8	181.7	61.8	369	266.5		25,550	
2004 Q4	77.1	75.4	183.1	62.5	373	278.5		26,007	
2005 Q1	77.3	75.7	183.5	63.1	376	285.1		26,238	
2005 Q2	78	77.1	185.4	64.8	380	291.4		26,750	
2005 Q3	78.4	77.7	186	65.3	386	294.5		27,061	
2005 Q4	78.8	77.9	187.1	66.9	390	294.0		27,858	
2006 Q1	78.7	78.2	187.4	67.5	396	300.2		28,330	
2006 Q2	79.8	79.4	190.4	68.4	399	306.2		28,581	
2006 Q3	80.3	80.1	191.9	69	401	316.8		28,768	
2006 Q4	80.9	80.3	193.5	69.7	408	336.9		29,245	
2007 Q1	81	80.7	194.3	70.7	421	362.0		29,558	
2007 Q2	81.8	81.9	196.9	71.6	416	377.9		29,732	
2007 Q3	81.7	82.5	197	72.7	421	402.5		30,074	
2007 Q4	82.6	82.9	199.4	73.7	424	413.9		30,776	
2008 Q1	82.9	83.4	201.1	74.8	441	404.5	2927	30,723	
2008 Q2	84.6	84.7	205.6	74.5	432	393.7	2856	31,438	
2008 Q3	85.7	85	207.7	74.2	434	395.7	2484	31,307	
2008 Q4	85.8	85.9	207	73.3	435	357.9	2209	31,147	
2009 Q1	85.4	85.8	205.8	71.8	429	247.2	1984	30,744	
2009 Q2	86.4	86.1	208.4	72	436	213.4	2172	30,649	
2009 Q3	86.9	86.7	210.3	72.8	436	215.5	2635	30,937	
2009 Q4	87.6	86.8	212.8	72.6	438	218.1	2761	30,872	
2010 Q1	88.2	86.8	215.3	73.7	441	220.2	2910	31,016	
2010 Q2	89.3	87.5	219.5	75	443	223.3	2544	31,317	
2010 Q3	89.6	87.7	220.4	75.3	445	226.8	2868	31,424	
2010 Q4	90.5	88.1	223	75.8	448	228.5	3063	31,222	
2011 Q1	91.8	88.4	227.1	77.4	453	230.3	3068	31,992	
2011 Q2	93.3	89.5	231.3	76.9	454	232.1	3097	32,279	
2011 Q3	93.8	90.3	232.6	77.5	455	232.2	2654	32,566	
2011 Q4	94.7	90.6	235.2	78.3	457	231.7	2858	33,025	
2012 Q1	95.1	91	236.2	78.7	456	232.2	3003	33,132	
2012 Q2	95.8	92.5	238.9	79.1	461	234.3	2891	33,366	
2012 Q3	96.1	93.4	239.7	80.8	463	238.7	2999	33,600	
2012 Q4	97.3	93.9	242.6	81.1	462	242.8	3093	34,037	
2013 Q1	97.7	94	244.1	81.4	460	242.4	3281	34,555	
2013 Q2	98.4	94.8	246.4	82.2	470	243.6	3290	34,895	
2013 Q3	98.7	95.5	247.6	83.9	466	244.6	3444	35,456	
2013 Q4	99.3	95.7	249.3	84.9	467	244.0	3610	35,699	
2014 Q1	99.4	95.9	250.9	85.8	467	243.3	3556	36,219	
2014 Q2	100.1	97	253	86.6	469	242.8	3600	36,590	
2014 Q3	100.1	97.8	253.9	87.6	470	244.1	3534	36,824	
2014 Q4	100.2	98.2	254.5	87.9	476	243.9	3521	36,994	
2015 Q1	99.5	98.6	253.4	88.5	478	244.1	3664	36,927	
2015 Q2	100.1	99.7	255.5	89.8	481	243.3	3571	36,874	
2015 Q3	100.1	100.6	256.5	90	484	241.9	3336	36,734	
2015 Q4	100.3	101.2	257.1	90.2	485	240.6	3444	37,226	
2016 Q1	99.8	101.4	257.2	91.5	489	240.0	3296	37,143	
2016 Q2	100.4	101.5	259.3	92.9	493	239.0	3405	37,579	
2016 Q3	100.9	101.9	261.6	93.5	495	234.2	3678	38,058	
2016 Q4	101.5	102.2	263.5	94.7	497	226.9	3763	38,150	
2017 Q1	102	102.7	265.6	95.6	499	225.0	3952	38,676	
2017 Q2	103.2	102.6	269.2	96	504	224.4	4045	38,952	
2017 Q3	103.7	102.8	272.1	96.6	507	223.2	4044	39,278	
2017 Q4	104.6	102.8	274.3	98.1	509	226.3	4108	39,490	
2018 Q1	104.7	103	275.3	98.6	514	230.0	4049	40,023	
2018 Q2	105.7	103	278.1	99.5	515	229.4	4153	40,716	
2018 Q3	106.3	103.3	280.9	100.7	522	232.9	4158	40,836	
2018 Q4	106.9	103.5	282.4	101.2	527	238.9	3832	41,100	
2019 Q1	106.7	103.7	281.8	102.5	531	239.7	3871	41,414	
2019 Q2	107.8	103.8	286.1	103.1	535	239.4	4026	41,622	
2019 Q3	108.3	104	288	104.3	542	240.4	4028	42,084	
2019 Q4	108.5	104.3	288.4	104.5	541	240.6	4050	42,095	
2020 Q1	108.5	104.5	289.1	103	544	237.8	3812	41,375	
2020 Q2	108.5	105.2	289.8	89.1	528	226.9	3301	35,143	
2020 Q3	108.9	105.9	291.5	100.8	550	221.1	3373	39,387	
2020 Q4	109	106.1	292	101.6	566	220.7	3498	40,104	
2021 Q1	109.2	106.4	293.5	101.3	568	220.7	3765	40,260	
2021 Q2	110.7	106.8	299.8		574	221.3	3858	41,573	1.0326144395273
